{
    "camera_angle_x": 0.413,
    "frames": [
        {
            "file_path": "preserveDetailsVal/r0.jpg",
            "transformMatrix": [
                [
                    0.3090170081886883,
                    -0.04755282606559732,
                    0.9498669472001261,
                    3.799467802047729
                ],
                [
                    0.9510565118067968,
                    0.015450850793657288,
                    -0.30863049518743296,
                    -1.2345219850540161
                ],
                [
                    -2.188287255137115e-10,
                    0.9987492177433367,
                    0.05000000057072813,
                    0.20000000298023252
                ],
                [
                    0,
                    0,
                    0,
                    0
                ]
            ]
        },
        {
            "file_path": "preserveDetailsVal/r1.jpg",
            "transformMatrix": [
                [
                    0.3090170103999752,
                    -0.14265847576298163,
                    0.9402962546859603,
                    3.7611851692199703
                ],
                [
                    0.9510565110883065,
                    0.046352554199077765,
                    -0.3055207905131171,
                    -1.222083210945129
                ],
                [
                    -2.8200183121566167e-09,
                    0.9886859966704316,
                    0.14999999995931879,
                    0.600000023841858
                ],
                [
                    0,
                    0,
                    0,
                    0
                ]
            ]
        },
        {
            "file_path": "preserveDetailsVal/r2.jpg",
            "transformMatrix": [
                [
                    0.30901700592623843,
                    -0.2377641224835578,
                    0.9208565100535516,
                    3.683426141738892
                ],
                [
                    0.9510565125419116,
                    0.07725424657779506,
                    -0.2992044306779465,
                    -1.1968177556991577
                ],
                [
                    3.012889545948802e-09,
                    0.9682458383310103,
                    0.24999999310935794,
                    1.0000000000000004
                ],
                [
                    0,
                    0,
                    0,
                    0
                ]
            ]
        },
        {
            "file_path": "preserveDetailsVal/r3.jpg",
            "transformMatrix": [
                [
                    0.3090170079236863,
                    -0.3328697922405489,
                    0.8909018970838628,
                    3.563607692718506
                ],
                [
                    0.9510565118929011,
                    0.10815595650097741,
                    -0.28947158800038786,
                    -1.1578863859176634
                ],
                [
                    5.295903407905838e-10,
                    0.936749694682145,
                    0.35000001358986765,
                    1.400000095367432
                ],
                [
                    0,
                    0,
                    0,
                    0
                ]
            ]
        },
        {
            "file_path": "preserveDetailsVal/r4.jpg",
            "transformMatrix": [
                [
                    0.30901699943804856,
                    -0.427975434600252,
                    0.8493206234614998,
                    3.3972826004028325
                ],
                [
                    0.9510565146500525,
                    0.13905765268055997,
                    -0.27596100299257437,
                    -1.1038440465927122
                ],
                [
                    -2.083277428578726e-09,
                    0.8930285530763832,
                    0.45000000376700194,
                    1.8000000715255742
                ],
                [
                    0,
                    0,
                    0,
                    0
                ]
            ]
        },
        {
            "file_path": "preserveDetailsVal/r5.jpg",
            "transformMatrix": [
                [
                    0.30901701104006496,
                    -0.5230810741129556,
                    0.7942887867726076,
                    3.1771552562713623
                ],
                [
                    0.9510565108803285,
                    0.1699593546334404,
                    -0.2580800861839597,
                    -1.032320380210876
                ],
                [
                    -9.041809414648294e-10,
                    0.835164659020855,
                    0.5499999930205263,
                    2.2000000476837167
                ],
                [
                    0,
                    0,
                    0,
                    0
                ]
            ]
        },
        {
            "file_path": "preserveDetailsVal/r6.jpg",
            "transformMatrix": [
                [
                    0.30901700565284,
                    -0.6181867652561766,
                    0.7227403499732513,
                    2.8909614086151127
                ],
                [
                    0.9510565126307443,
                    0.200861064430968,
                    -0.2348325841494444,
                    -0.9393303394317624
                ],
                [
                    -4.3074365209261633e-10,
                    0.7599341787666639,
                    0.6500000338017196,
                    2.600000143051148
                ],
                [
                    0,
                    0,
                    0,
                    0
                ]
            ]
        },
        {
            "file_path": "preserveDetailsVal/r7.jpg",
            "transformMatrix": [
                [
                    0.3090170067085253,
                    -0.713292391540828,
                    0.6290647452646428,
                    2.5162589550018315
                ],
                [
                    0.9510565122877312,
                    0.23176275762023069,
                    -0.20439553472461913,
                    -0.8175821304321284
                ],
                [
                    -3.00211594707392e-10,
                    0.6614378189597515,
                    0.7500000077665117,
                    3.0000000000000004
                ],
                [
                    0,
                    0,
                    0,
                    0
                ]
            ]
        },
        {
            "file_path": "preserveDetailsVal/r8.jpg",
            "transformMatrix": [
                [
                    0.30901703278113457,
                    -0.8083980317279711,
                    0.50100009555836,
                    2.0040004253387456
                ],
                [
                    0.9510565038162261,
                    0.26266448512900736,
                    -0.16278481133315353,
                    -0.6511392593383782
                ],
                [
                    -1.107248963651142e-08,
                    0.5267826786733368,
                    0.8500000055586729,
                    3.400000095367432
                ],
                [
                    0,
                    0,
                    0,
                    0
                ]
            ]
        },
        {
            "file_path": "preserveDetailsVal/r9.jpg",
            "transformMatrix": [
                [
                    0.30901697960843316,
                    -0.9035037365204761,
                    0.296967177323049,
                    1.1878687143325806
                ],
                [
                    0.9510565210930847,
                    0.29356614422237576,
                    -0.09649047959631087,
                    -0.3859619200229636
                ],
                [
                    -3.534104150563258e-10,
                    0.3122497671095133,
                    0.9500000436526593,
                    3.8000001907348633
                ],
                [
                    0,
                    0,
                    0,
                    0
                ]
            ]
        },
        {
            "file_path": "preserveDetailsVal/r10.jpg",
            "transformMatrix": [
                [
                    0.8090170150028557,
                    -0.029389262229990065,
                    0.5870500325367899,
                    2.3482000827789307
                ],
                [
                    0.587785223900592,
                    0.04045085216584967,
                    -0.808005110827393,
                    -3.2320203781127934
                ],
                [
                    5.175507181659734e-12,
                    0.998749217684116,
                    0.05000000175366543,
                    0.20000000298023293
                ],
                [
                    0,
                    0,
                    0,
                    0
                ]
            ]
        },
        {
            "file_path": "preserveDetailsVal/r11.jpg",
            "transformMatrix": [
                [
                    0.8090170156947158,
                    -0.08816778264026878,
                    0.5811350190968656,
                    2.324540138244629
                ],
                [
                    0.5877852229483284,
                    0.12135255537056211,
                    -0.799863794022844,
                    -3.1994552612304683
                ],
                [
                    -2.4494982071099843e-09,
                    0.9886859963655463,
                    0.15000000196889002,
                    0.6000000238418585
                ],
                [
                    0,
                    0,
                    0,
                    0
                ]
            ]
        },
        {
            "file_path": "preserveDetailsVal/r12.jpg",
            "transformMatrix": [
                [
                    0.8090169861064249,
                    -0.14694630835481637,
                    0.5691206362909077,
                    2.276482582092285
                ],
                [
                    0.5877852636731176,
                    0.20225424700897096,
                    -0.7833273283727292,
                    -3.1333093643188477
                ],
                [
                    -6.61247039630225e-09,
                    0.9682458375989669,
                    0.24999999594454908,
                    1.0000000000000004
                ],
                [
                    0,
                    0,
                    0,
                    0
                ]
            ]
        },
        {
            "file_path": "preserveDetailsVal/r13.jpg",
            "transformMatrix": [
                [
                    0.8090170122931104,
                    -0.20572483614066814,
                    0.5506076330884131,
                    2.2024304866790767
                ],
                [
                    0.5877852276302367,
                    0.28315598804381853,
                    -0.7578464307592929,
                    -3.0313856601715083
                ],
                [
                    -1.5583872212184875e-08,
                    0.9367496881396994,
                    0.35000003110024946,
                    1.4000000953674323
                ],
                [
                    0,
                    0,
                    0,
                    0
                ]
            ]
        },
        {
            "file_path": "preserveDetailsVal/r14.jpg",
            "transformMatrix": [
                [
                    0.8090169972484189,
                    -0.26450336564461024,
                    0.5249090089966311,
                    2.0996360778808594
                ],
                [
                    0.5877852483374788,
                    0.36405765693761394,
                    -0.7224752758828104,
                    -2.889901161193847
                ],
                [
                    -1.8547367448074607e-09,
                    0.8930285504885989,
                    0.45000000890247965,
                    1.8000000715255744
                ],
                [
                    0,
                    0,
                    0,
                    0
                ]
            ]
        },
        {
            "file_path": "preserveDetailsVal/r15.jpg",
            "transformMatrix": [
                [
                    0.8090169908736117,
                    -0.3232818912875518,
                    0.4908974712130327,
                    1.9635899066925049
                ],
                [
                    0.5877852571116484,
                    0.44495935224393995,
                    -0.675662390823144,
                    -2.7026495933532715
                ],
                [
                    -5.2319642424659185e-09,
                    0.8351646506026206,
                    0.5500000058034572,
                    2.200000047683716
                ],
                [
                    0,
                    0,
                    0,
                    0
                ]
            ]
        },
        {
            "file_path": "preserveDetailsVal/r16.jpg",
            "transformMatrix": [
                [
                    0.8090169991829136,
                    -0.3820604294610193,
                    0.4466780980450412,
                    1.7867124080657961
                ],
                [
                    0.5877852456748757,
                    0.5258610721652668,
                    -0.614799672859479,
                    -2.4591987133026123
                ],
                [
                    3.4944791865087494e-09,
                    0.7599341820324034,
                    0.6500000299836471,
                    2.600000143051148
                ],
                [
                    0,
                    0,
                    0,
                    0
                ]
            ]
        },
        {
            "file_path": "preserveDetailsVal/r17.jpg",
            "transformMatrix": [
                [
                    0.8090169684190157,
                    -0.44083898415316636,
                    0.38878340353069357,
                    1.5551335811614995
                ],
                [
                    0.5877852880177467,
                    0.6067627327838604,
                    -0.5351144188811925,
                    -2.14045763015747
                ],
                [
                    1.643800288380398e-08,
                    0.6614378097413743,
                    0.7500000158963556,
                    3.0000000000000004
                ],
                [
                    0,
                    0,
                    0,
                    0
                ]
            ]
        },
        {
            "file_path": "preserveDetailsVal/r18.jpg",
            "transformMatrix": [
                [
                    0.8090169923971875,
                    -0.49961746831439197,
                    0.3096350938891235,
                    1.2385404109954834
                ],
                [
                    0.587785255014626,
                    0.6876644418171931,
                    -0.426176148379563,
                    -1.7047046422958365
                ],
                [
                    4.303097608729876e-09,
                    0.5267826884165477,
                    0.8499999995203731,
                    3.4000000953674316
                ],
                [
                    0,
                    0,
                    0,
                    0
                ]
            ]
        },
        {
            "file_path": "preserveDetailsVal/r19.jpg",
            "transformMatrix": [
                [
                    0.8090170065386064,
                    -0.5583960006383479,
                    0.18353579923930444,
                    0.7341431975364684
                ],
                [
                    0.5877852355506322,
                    0.7685661947067324,
                    -0.2526153622064592,
                    -1.0104614496231068
                ],
                [
                    -2.8579165062903542e-09,
                    0.3122497571257836,
                    0.9500000469341507,
                    3.800000190734863
                ],
                [
                    0,
                    0,
                    0,
                    0
                ]
            ]
        },
        {
            "file_path": "preserveDetailsVal/r20.jpg",
            "transformMatrix": [
                [
                    0.999999999999999,
                    2.1855696678562182e-09,
                    -4.365671650052722e-08,
                    -1.7462686230373945e-07
                ],
                [
                    -4.371138993878437e-08,
                    0.05000000180399311,
                    -0.9987492176815952,
                    -3.9949967861175533
                ],
                [
                    -9.21772444250016e-17,
                    0.9987492176815961,
                    0.050000001803993166,
                    0.20000000298023313
                ],
                [
                    0,
                    0,
                    0,
                    0
                ]
            ]
        },
        {
            "file_path": "preserveDetailsVal/r21.jpg",
            "transformMatrix": [
                [
                    0.9999999999999993,
                    6.55670876307922e-09,
                    -4.3216838629046765e-08,
                    -1.7286735953803148e-07
                ],
                [
                    -4.371138948709947e-08,
                    0.15000000160292312,
                    -0.9886859964210686,
                    -3.954744100570679
                ],
                [
                    -2.730374435807269e-16,
                    0.9886859964210697,
                    0.15000000160292323,
                    0.6000000238418588
                ],
                [
                    0,
                    0,
                    0,
                    0
                ]
            ]
        },
        {
            "file_path": "preserveDetailsVal/r22.jpg",
            "transformMatrix": [
                [
                    0.999999999999999,
                    1.0927846782164731e-08,
                    -4.2323370352834837e-08,
                    -1.6929348589656004e-07
                ],
                [
                    -4.3711388828515693e-08,
                    0.24999999337656043,
                    -0.9682458382620179,
                    -3.872983455657959
                ],
                [
                    1.39886437190658e-16,
                    0.9682458382620188,
                    0.24999999337656068,
                    1.0000000000000009
                ],
                [
                    0,
                    0,
                    0,
                    0
                ]
            ]
        },
        {
            "file_path": "preserveDetailsVal/r23.jpg",
            "transformMatrix": [
                [
                    0.9999999999999991,
                    1.529898818460663e-08,
                    -4.094663074922484e-08,
                    -1.637865238990344e-07
                ],
                [
                    -4.371138992512246e-08,
                    0.3500000219140601,
                    -0.9367496915719568,
                    -3.74699878692627
                ],
                [
                    -8.037576470788407e-16,
                    0.9367496915719575,
                    0.35000002191406043,
                    1.4000000953674325
                ],
                [
                    0,
                    0,
                    0,
                    0
                ]
            ]
        },
        {
            "file_path": "preserveDetailsVal/r24.jpg",
            "transformMatrix": [
                [
                    0.9999999999999989,
                    1.9670126661523934e-08,
                    -3.903551931033387e-08,
                    -1.5614207882208578e-07
                ],
                [
                    -4.3711390400075835e-08,
                    0.4500000133256855,
                    -0.8930285482597299,
                    -3.5721142292022696
                ],
                [
                    -4.468004368030593e-16,
                    0.8930285482597307,
                    0.45000001332568595,
                    1.8000000715255742
                ],
                [
                    0,
                    0,
                    0,
                    0
                ]
            ]
        },
        {
            "file_path": "preserveDetailsVal/r25.jpg",
            "transformMatrix": [
                [
                    0.999999999999999,
                    2.404126541426129e-08,
                    -3.6506207236827215e-08,
                    -1.4602483133785427e-07
                ],
                [
                    -4.371138992913782e-08,
                    0.5500000029169806,
                    -0.8351646525035163,
                    -3.3406586647033687
                ],
                [
                    -9.887034728461092e-16,
                    0.8351646525035171,
                    0.5500000029169811,
                    2.200000047683717
                ],
                [
                    0,
                    0,
                    0,
                    0
                ]
            ]
        },
        {
            "file_path": "preserveDetailsVal/r26.jpg",
            "transformMatrix": [
                [
                    0.9999999999999989,
                    2.8412401107972136e-08,
                    -3.321777672496616e-08,
                    -1.3287110789406145e-07
                ],
                [
                    -4.371138555651146e-08,
                    0.6500000308992162,
                    -0.7599341812492815,
                    -3.0397367477416988
                ],
                [
                    1.124318281304443e-15,
                    0.7599341812492821,
                    0.6500000308992169,
                    2.6000001430511483
                ],
                [
                    0,
                    0,
                    0,
                    0
                ]
            ]
        },
        {
            "file_path": "preserveDetailsVal/r27.jpg",
            "transformMatrix": [
                [
                    0.9999999999999989,
                    3.2783539835493427e-08,
                    -2.891236440838404e-08,
                    -1.1564945623376845e-07
                ],
                [
                    -4.3711386386484885e-08,
                    0.7500000090776537,
                    -0.661437817473054,
                    -2.6457512378692623
                ],
                [
                    5.30914771874328e-16,
                    0.6614378174730545,
                    0.7500000090776546,
                    3.000000000000001
                ],
                [
                    0,
                    0,
                    0,
                    0
                ]
            ]
        },
        {
            "file_path": "preserveDetailsVal/r28.jpg",
            "transformMatrix": [
                [
                    0.9999999999999991,
                    3.7154680281498484e-08,
                    -2.3026401605200878e-08,
                    -9.210560847350281e-08
                ],
                [
                    -4.371138796360016e-08,
                    0.8500000048984457,
                    -0.5267826797386573,
                    -2.107130765914917
                ],
                [
                    -5.663064955338217e-16,
                    0.5267826797386578,
                    0.8500000048984466,
                    3.400000095367433
                ],
                [
                    0,
                    0,
                    0,
                    0
                ]
            ]
        },
        {
            "file_path": "preserveDetailsVal/r29.jpg",
            "transformMatrix": [
                [
                    0.9999999999999989,
                    4.1525822844522785e-08,
                    -1.3648870499358504e-08,
                    -5.459548191311115e-08
                ],
                [
                    -4.371139014974186e-08,
                    0.9500000491509925,
                    -0.3122497503811809,
                    -1.2489989995956414
                ],
                [
                    -1.7232927023820507e-16,
                    0.3122497503811812,
                    0.9500000491509933,
                    3.8000001907348633
                ],
                [
                    0,
                    0,
                    0,
                    0
                ]
            ]
        },
        {
            "file_path": "preserveDetailsVal/r30.jpg",
            "transformMatrix": [
                [
                    0.8090168886622037,
                    0.02938926972841812,
                    -0.5870502062721366,
                    -2.3482007980346675
                ],
                [
                    -0.5877853977935551,
                    0.040450846183258775,
                    -0.8080049846280223,
                    -3.232019901275635
                ],
                [
                    1.1606252438923543e-09,
                    0.9987492177057706,
                    0.05000000132111371,
                    0.20000000298023293
                ],
                [
                    0,
                    0,
                    0,
                    0
                ]
            ]
        },
        {
            "file_path": "preserveDetailsVal/r31.jpg",
            "transformMatrix": [
                [
                    0.8090168880078396,
                    0.0881678084770047,
                    -0.5811351929340304,
                    -2.3245408535003658
                ],
                [
                    -0.5877853986942092,
                    0.12135253501124402,
                    -0.7998636679636313,
                    -3.19945478439331
                ],
                [
                    2.1620610358231477e-09,
                    0.9886859965604382,
                    0.15000000068430994,
                    0.6000000238418586
                ],
                [
                    0,
                    0,
                    0,
                    0
                ]
            ]
        },
        {
            "file_path": "preserveDetailsVal/r32.jpg",
            "transformMatrix": [
                [
                    0.8090168552062547,
                    0.14694635497196956,
                    -0.5691208103317205,
                    -2.2764832973480225
                ],
                [
                    -0.5877854438416982,
                    0.20225421054794634,
                    -0.7833272025938108,
                    -3.1333088874816895
                ],
                [
                    3.028499595611011e-09,
                    0.9682458381403347,
                    0.24999999384784208,
                    1.0000000000000007
                ],
                [
                    0,
                    0,
                    0,
                    0
                ]
            ]
        },
        {
            "file_path": "preserveDetailsVal/r33.jpg",
            "transformMatrix": [
                [
                    0.8090168769316667,
                    0.20572490182685016,
                    -0.5506078074347163,
                    -2.202431201934814
                ],
                [
                    -0.5877854139392475,
                    0.28315593680969664,
                    -0.7578463054008316,
                    -3.03138518333435
                ],
                [
                    1.275048296673585e-08,
                    0.9367496892007791,
                    0.3500000282603472,
                    1.400000095367432
                ],
                [
                    0,
                    0,
                    0,
                    0
                ]
            ]
        },
        {
            "file_path": "preserveDetailsVal/r34.jpg",
            "transformMatrix": [
                [
                    0.8090168831899889,
                    0.26450345340140086,
                    -0.5249091405684313,
                    -2.0996365547180176
                ],
                [
                    -0.5877854053254097,
                    0.36405760627874845,
                    -0.7224751736890561,
                    -2.889900684356689
                ],
                [
                    -1.3208354057650993e-08,
                    0.8930285451480937,
                    0.450000019500754,
                    1.800000071525574
                ],
                [
                    0,
                    0,
                    0,
                    0
                ]
            ]
        },
        {
            "file_path": "preserveDetailsVal/r35.jpg",
            "transformMatrix": [
                [
                    0.8090168719918562,
                    0.32328198702624406,
                    -0.49089760408549143,
                    -1.9635905027389526
                ],
                [
                    -0.58778542073831,
                    0.44495926033479966,
                    -0.6756623090048726,
                    -2.7026493549346915
                ],
                [
                    -1.8999829717806136e-08,
                    0.835164662510736,
                    0.5499999877212074,
                    2.2000000476837163
                ],
                [
                    0,
                    0,
                    0,
                    0
                ]
            ]
        },
        {
            "file_path": "preserveDetailsVal/r36.jpg",
            "transformMatrix": [
                [
                    0.8090168504184689,
                    0.3820605667429994,
                    -0.44667825006261347,
                    -1.7867130041122437
                ],
                [
                    -0.5877854504315163,
                    0.525860977830895,
                    -0.6147995577875398,
                    -2.459198236465454
                ],
                [
                    -6.127933890812576e-09,
                    0.7599341782909577,
                    0.6500000343578812,
                    2.6000001430511475
                ],
                [
                    0,
                    0,
                    0,
                    0
                ]
            ]
        },
        {
            "file_path": "preserveDetailsVal/r37.jpg",
            "transformMatrix": [
                [
                    0.8090168497110973,
                    0.4408391018252831,
                    -0.3887835171215593,
                    -1.5551340579986572
                ],
                [
                    -0.5877854514051294,
                    0.606762633892943,
                    -0.5351143515434498,
                    -2.1404573917388907
                ],
                [
                    -1.924539378688518e-08,
                    0.661437822031048,
                    0.7500000050578824,
                    3.0000000000000004
                ],
                [
                    0,
                    0,
                    0,
                    0
                ]
            ]
        },
        {
            "file_path": "preserveDetailsVal/r38.jpg",
            "transformMatrix": [
                [
                    0.8090168934645109,
                    0.49961757354169944,
                    -0.30963518258966705,
                    -1.238540768623352
                ],
                [
                    -0.587785391183748,
                    0.6876643629680296,
                    -0.42617608780261523,
                    -1.7047044038772576
                ],
                [
                    1.7698576040899944e-08,
                    0.5267826915456492,
                    0.84999999758113,
                    3.4000000953674316
                ],
                [
                    0,
                    0,
                    0,
                    0
                ]
            ]
        },
        {
            "file_path": "preserveDetailsVal/r39.jpg",
            "transformMatrix": [
                [
                    0.8090169037062764,
                    0.558396134971645,
                    -0.18353584381868723,
                    -0.7341433763504027
                ],
                [
                    -0.5877853770871722,
                    0.7685660963138671,
                    -0.25261533223332683,
                    -1.0104613304138172
                ],
                [
                    1.8637322991089383e-09,
                    0.3122497590801179,
                    0.9500000462917927,
                    3.8000001907348633
                ],
                [
                    0,
                    0,
                    0,
                    0
                ]
            ]
        },
        {
            "file_path": "preserveDetailsVal/r40.jpg",
            "transformMatrix": [
                [
                    0.30901680172026263,
                    0.047552829773921945,
                    -0.9498670141841291,
                    -3.799468040466309
                ],
                [
                    -0.9510565788924337,
                    0.015450840637628157,
                    -0.3086302889688742,
                    -1.2345211505889895
                ],
                [
                    2.686854501652467e-10,
                    0.9987492177238905,
                    0.05000000095916978,
                    0.20000000298023254
                ],
                [
                    0,
                    0,
                    0,
                    0
                ]
            ]
        },
        {
            "file_path": "preserveDetailsVal/r41.jpg",
            "transformMatrix": [
                [
                    0.30901680131472026,
                    0.1426584881365529,
                    -0.940296321522004,
                    -3.76118540763855
                ],
                [
                    -0.9510565790242022,
                    0.04635251985020494,
                    -0.3055205842464918,
                    -1.222082376480102
                ],
                [
                    -7.347774927820396e-10,
                    0.9886859964954138,
                    0.15000000111290218,
                    0.6000000238418582
                ],
                [
                    0,
                    0,
                    0,
                    0
                ]
            ]
        },
        {
            "file_path": "preserveDetailsVal/r42.jpg",
            "transformMatrix": [
                [
                    0.30901679337351656,
                    0.2377641410249153,
                    -0.9208565765936807,
                    -3.6834263801574703
                ],
                [
                    -0.9510565816044538,
                    0.07725419560650458,
                    -0.29920422431517,
                    -1.1968169212341306
                ],
                [
                    -1.2916180872498496e-09,
                    0.9682458378448501,
                    0.24999999499224773,
                    1
                ],
                [
                    0,
                    0,
                    0,
                    0
                ]
            ]
        },
        {
            "file_path": "preserveDetailsVal/r43.jpg",
            "transformMatrix": [
                [
                    0.3090167888085579,
                    0.33286981875239796,
                    -0.8909019631801204,
                    -3.5636079311370836
                ],
                [
                    -0.9510565830876977,
                    0.108155883158808,
                    -0.289471381493389,
                    -1.1578855514526358
                ],
                [
                    2.3439511334225795e-09,
                    0.9367496937292713,
                    0.35000001614016535,
                    1.4000000953674316
                ],
                [
                    0,
                    0,
                    0,
                    0
                ]
            ]
        },
        {
            "file_path": "preserveDetailsVal/r44.jpg",
            "transformMatrix": [
                [
                    0.3090167990246255,
                    0.4279754631752907,
                    -0.8493206819808813,
                    -3.397282838821411
                ],
                [
                    -0.9510565797682985,
                    0.13905756287483398,
                    -0.27596082382602316,
                    -1.1038433313369749
                ],
                [
                    2.7402762034071276e-09,
                    0.8930285533661321,
                    0.4500000031919923,
                    1.800000071525574
                ],
                [
                    0,
                    0,
                    0,
                    0
                ]
            ]
        },
        {
            "file_path": "preserveDetailsVal/r45.jpg",
            "transformMatrix": [
                [
                    0.3090167998059913,
                    0.5230811098349885,
                    -0.7942888454280729,
                    -3.177155494689942
                ],
                [
                    -0.9510565795144178,
                    0.16995924256538394,
                    -0.2580799070616253,
                    -1.0323196649551392
                ],
                [
                    6.335182978446727e-09,
                    0.8351646594536901,
                    0.5499999923632748,
                    2.2000000476837167
                ],
                [
                    0,
                    0,
                    0,
                    0
                ]
            ]
        },
        {
            "file_path": "preserveDetailsVal/r46.jpg",
            "transformMatrix": [
                [
                    0.30901678943865424,
                    0.6181868075265723,
                    -0.722740406262948,
                    -2.890961647033692
                ],
                [
                    -0.9510565828829673,
                    0.20086092468828406,
                    -0.2348324191595807,
                    -0.9393296837806695
                ],
                [
                    2.807558785690518e-09,
                    0.7599341813166928,
                    0.6500000308204051,
                    2.600000143051147
                ],
                [
                    0,
                    0,
                    0,
                    0
                ]
            ]
        },
        {
